#example 1
#|G|/|G1|=6, |G|/|G2|=2, |G|/|G12|=12
G1:=Group([(1,2), (3,4)]);
G2:=Group([(1,2,3), (1,2)(3,4)]);
G:=SymmetricGroup(4);
H1:=Group([(1,2,3,4,5), (2,3,5,4)]);
H2:=Group([(1,2,3,4,5), (1,2,3)]);
H:=SymmetricGroup(5);

top1:=[ [ 1, 2 ], [ 3, 4 ], [ 5, 6 ], [ 7, 8 ], [ 9, 10 ], [ 11, 12 ] ];
top2:=[ [ 1, 4, 5, 7, 10, 11 ], [ 2, 3, 6, 8, 9, 12 ] ];
bottom1:=[ [ 1, 10 ], [ 2, 9 ], [ 3, 8 ], [ 4, 12 ], [ 5, 7 ], [ 6, 11 ] ];
bottom2:=[ [ 1, 4, 5, 8, 9, 11 ], [ 2, 3, 6, 7, 10, 12 ] ];

permutation:=(2,10,9)(4,8,12,6,7);

#example 2
#|G|/|G1|=4, |G|/|G2|=4, |G|/|G12|=12
G1:=Group([ (2,3), (1,2) ]);
G2:= Group([ (3,4), (2,3) ]);
G:=SymmetricGroup(4);
H1:= Group([ (3,4), (1,3) ]);
H2:= Group([ (2,4), (1,2) ]);
H:=SymmetricGroup(4);

top1:=[ [ 1, 9, 11 ], [ 4, 7, 10 ], [ 3, 6, 12 ], [ 2, 5, 8 ] ];
top2:=[ [ 1, 2, 3 ], [ 4, 5, 6 ], [ 7, 8, 9 ], [ 10, 11, 12 ] ];
bottom1:=[ [ 1, 2, 3 ], [ 4, 5, 6 ], [ 7, 8, 9 ], [ 10, 11, 12 ] ];
bottom2:=[ [ 1, 4, 7 ], [ 3, 8, 10 ], [ 6, 9, 12 ], [ 2, 5, 11 ] ];

