###gap version
[ [ 0, 0, 0, 0, 0, 0, 0, 1, -1, 0, 0, 0, 0, 0, 0, 0, 0, 0, 0 ],
  [ 0, 0, 0, 0, 0, 0, 1, 0, -1, 0, 0, 0, 0, 0, 0, 0, 0, 0, 0 ],
  [ 0, 0, 0, 0, 0, 1, 0, 0, -1, 0, 0, 0, 0, 0, 0, 0, 0, 0, 0 ],
  [ -1, -1, 0, 0, 0, 1, 0, 0, 0, 0, 0, 0, 0, 0, 0, 0, 0, 0, 0 ],
  [ 0, 0, 1, 0, 0, 0, -1, -1, 1, 0, 0, 0, 0, 0, 0, 0, 0, 0, 0 ],
  [ -1, 0, -1, 0, 0, 0, 1, 0, 0, 0, 0, 0, 0, 0, 0, 0, 0, 0, 0 ],
  [ 0, 1, 0, 0, 0, -1, 0, -1, 1, 0, 0, 0, 0, 0, 0, 0, 0, 0, 0 ],
  [ 0, -1, -1, 0, 0, 0, 0, 1, 0, 0, 0, 0, 0, 0, 0, 0, 0, 0, 0 ],
  [ 1, 0, 0, 0, 0, -1, -1, 0, 1, 0, 0, 0, 0, 0, 0, 0, 0, 0, 0 ],
  [ 0, 0, 0, 0, 0, 0, 0, 0, 0, 0, 0, 0, 0, 0, 0, 0, 0, 1, -1 ],
  [ 0, 0, 0, 0, 0, 0, 0, 0, 0, 0, 0, 0, 0, 0, 0, 0, 1, 0, -1 ],
  [ 0, 0, 0, 0, 0, 0, 0, 0, 0, 0, 0, 0, 0, 0, 1, 0, 0, 0, -1 ],
  [ 0, 0, 0, 0, 0, 0, 0, 0, 0, 0, 0, 1, 0, 0, 0, 0, 0, 0, -1 ],
  [ 0, -1, -1, 0, 0, 0, 0, 1, 0, 0, 0, 0, 0, 0, 0, 0, 0, 0, 0 ],
  [ 0, 0, 0, 1, 0, 0, 0, 0, 0, -1, -1, 1, 0, 0, 0, 0, 0, 0, 0 ],
  [ 0, 0, 0, 0, 0, 0, 0, 0, 0, 0, 0, 0, 0, 0, 0, 1, -1, -1, 1 ],
  [ 0, 0, 0, 0, 1, 0, 0, 0, 0, 0, 0, 0, -1, -1, 1, 0, 0, 0, 0 ],
  [ 0, -1, 0, -1, 0, 0, 0, 0, 0, 1, 0, 0, 0, 0, 0, 0, 0, 0, 0 ],
  [ 0, 0, 1, 0, 0, 0, 0, -1, 0, 0, -1, 1, 0, 0, 0, 0, 0, 0, 0 ],
  [ 0, 0, 0, 0, 0, 0, 0, 0, 0, 0, 0, 0, 0, 1, -1, 0, 0, -1, 1 ],
  [ 0, 0, 0, 0, 1, 0, 0, 0, 0, 0, 0, 0, -1, 0, 0, -1, 1, 0, 0 ],
  [ 0, -1, 0, 0, -1, 0, 0, 0, 0, 0, 0, 0, 1, 0, 0, 0, 0, 0, 0 ],
  [ 0, 0, 1, 0, 0, 0, 0, -1, 0, 0, 0, 0, 0, -1, 1, 0, 0, 0, 0 ],
  [ 0, 0, 0, 0, 0, 0, 0, 0, 0, 0, 1, -1, 0, 0, 0, 0, 0, -1, 1 ],
  [ 0, 0, 0, 1, 0, 0, 0, 0, 0, -1, 0, 0, 0, 0, 0, -1, 1, 0, 0 ],
  [ 0, 0, -1, -1, 0, 0, 0, 0, 0, 0, 1, 0, 0, 0, 0, 0, 0, 0, 0 ],
  [ 0, 1, 0, 0, 0, 0, 0, -1, 0, -1, 0, 1, 0, 0, 0, 0, 0, 0, 0 ],
  [ 0, 0, 0, 0, 0, 0, 0, 0, 0, 0, 0, 0, 1, 0, -1, 0, -1, 0, 1 ],
  [ 0, 0, 0, 0, 1, 0, 0, 0, 0, 0, 0, 0, 0, -1, 0, -1, 0, 1, 0 ],
  [ 0, 0, -1, 0, -1, 0, 0, 0, 0, 0, 0, 0, 0, 1, 0, 0, 0, 0, 0 ],
  [ 0, 1, 0, 0, 0, 0, 0, -1, 0, 0, 0, 0, -1, 0, 1, 0, 0, 0, 0 ],
  [ 0, 0, 0, 0, 0, 0, 0, 0, 0, 1, 0, -1, 0, 0, 0, 0, -1, 0, 1 ],
  [ 0, 0, 0, 1, 0, 0, 0, 0, 0, 0, -1, 0, 0, 0, 0, -1, 0, 1, 0 ],
  [ 0, 0, 0, -1, -1, 0, 0, 0, 0, 0, 0, 0, 0, 0, 0, 1, 0, 0, 0 ],
  [ 0, 1, 0, 0, 0, 0, 0, 0, 0, -1, 0, 0, -1, 0, 0, 0, 1, 0, 0 ],
  [ 0, 0, 0, 0, 0, 0, 0, 1, 0, 0, 0, -1, 0, 0, -1, 0, 0, 0, 1 ],
  [ 0, 0, 1, 0, 0, 0, 0, 0, 0, 0, -1, 0, 0, -1, 0, 0, 0, 1, 0 ],
  [ 0, 1, 1, 0, 0, 0, 0, -1, 0, -1, -1, 1, -1, -1, 1, 1, 0, 0, 0 ],
  [ 0, 0, 1, 1, 0, 0, 0, -1, 0, -1, -1, 1, 1, -1, 0, -1, 0, 1, 0 ],
  [ 0, 0, 0, 1, 1, 0, 0, 1, 0, -1, -1, 0, -1, -1, 0, -1, 1, 1, 0 ],
  [ 0, 1, 0, 1, 0, 0, 0, -1, 0, -1, -1, 1, -1, 1, 0, -1, 1, 0, 0 ],
  [ 0, 1, 0, 0, 1, 0, 0, -1, 0, -1, 1, 0, -1, -1, 1, -1, 1, 0, 0 ],
  [ 0, 0, 1, 0, 1, 0, 0, -1, 0, 1, -1, 0, -1, -1, 1, -1, 0, 1, 0 ] ]
  
  
  ###LRS version
  [ [ 0, 0, 0, 0, 0, 0, 0, -1, 1, 0, 0, 0, 0, 0, 0, 0, 0, 0, 0 ],
  [ 0, 0, 0, 0, 0, 0, -1, 0, 1, 0, 0, 0, 0, 0, 0, 0, 0, 0, 0 ],
  [ 0, 0, 0, 0, 0, -1, 0, 0, 1, 0, 0, 0, 0, 0, 0, 0, 0, 0, 0 ],
  [ 1, 1, 0, 0, 0, -1, 0, 0, 0, 0, 0, 0, 0, 0, 0, 0, 0, 0, 0 ],
  [ 0, 0, -1, 0, 0, 0, 1, 1, -1, 0, 0, 0, 0, 0, 0, 0, 0, 0, 0 ],
  [ 1, 0, 1, 0, 0, 0, -1, 0, 0, 0, 0, 0, 0, 0, 0, 0, 0, 0, 0 ],
  [ 0, -1, 0, 0, 0, 1, 0, 1, -1, 0, 0, 0, 0, 0, 0, 0, 0, 0, 0 ],
  [ 0, 1, 1, 0, 0, 0, 0, -1, 0, 0, 0, 0, 0, 0, 0, 0, 0, 0, 0 ],
  [ -1, 0, 0, 0, 0, 1, 1, 0, -1, 0, 0, 0, 0, 0, 0, 0, 0, 0, 0 ],
  [ 0, 0, 0, 0, 0, 0, 0, 0, 0, 0, 0, 0, 0, 0, 0, 0, 0, -1, 1 ],
  [ 0, 0, 0, 0, 0, 0, 0, 0, 0, 0, 0, 0, 0, 0, 0, 0, -1, 0, 1 ],
  [ 0, 0, 0, 0, 0, 0, 0, 0, 0, 0, 0, 0, 0, 0, -1, 0, 0, 0, 1 ],
  [ 0, 0, 0, 0, 0, 0, 0, 0, 0, 0, 0, -1, 0, 0, 0, 0, 0, 0, 1 ],
  [ 0, 1, 1, 0, 0, 0, 0, -1, 0, 0, 0, 0, 0, 0, 0, 0, 0, 0, 0 ],
  [ 0, 0, 0, -1, 0, 0, 0, 0, 0, 1, 1, -1, 0, 0, 0, 0, 0, 0, 0 ],
  [ 0, 0, 0, 0, 0, 0, 0, 0, 0, 0, 0, 0, 0, 0, 0, -1, 1, 1, -1 ],
  [ 0, 0, 0, 0, -1, 0, 0, 0, 0, 0, 0, 0, 1, 1, -1, 0, 0, 0, 0 ],
  [ 0, 1, 0, 1, 0, 0, 0, 0, 0, -1, 0, 0, 0, 0, 0, 0, 0, 0, 0 ],
  [ 0, 0, -1, 0, 0, 0, 0, 1, 0, 0, 1, -1, 0, 0, 0, 0, 0, 0, 0 ],
  [ 0, 0, 0, 0, 0, 0, 0, 0, 0, 0, 0, 0, 0, -1, 1, 0, 0, 1, -1 ],
  [ 0, 0, 0, 0, -1, 0, 0, 0, 0, 0, 0, 0, 1, 0, 0, 1, -1, 0, 0 ],
  [ 0, 1, 0, 0, 1, 0, 0, 0, 0, 0, 0, 0, -1, 0, 0, 0, 0, 0, 0 ],
  [ 0, 0, -1, 0, 0, 0, 0, 1, 0, 0, 0, 0, 0, 1, -1, 0, 0, 0, 0 ],
  [ 0, 0, 0, 0, 0, 0, 0, 0, 0, 0, -1, 1, 0, 0, 0, 0, 0, 1, -1 ],
  [ 0, 0, 0, -1, 0, 0, 0, 0, 0, 1, 0, 0, 0, 0, 0, 1, -1, 0, 0 ],
  [ 0, 0, 1, 1, 0, 0, 0, 0, 0, 0, -1, 0, 0, 0, 0, 0, 0, 0, 0 ],
  [ 0, -1, 0, 0, 0, 0, 0, 1, 0, 1, 0, -1, 0, 0, 0, 0, 0, 0, 0 ],
  [ 0, 0, 0, 0, 0, 0, 0, 0, 0, 0, 0, 0, -1, 0, 1, 0, 1, 0, -1 ],
  [ 0, 0, 0, 0, -1, 0, 0, 0, 0, 0, 0, 0, 0, 1, 0, 1, 0, -1, 0 ],
  [ 0, 0, 1, 0, 1, 0, 0, 0, 0, 0, 0, 0, 0, -1, 0, 0, 0, 0, 0 ],
  [ 0, -1, 0, 0, 0, 0, 0, 1, 0, 0, 0, 0, 1, 0, -1, 0, 0, 0, 0 ],
  [ 0, 0, 0, 0, 0, 0, 0, 0, 0, -1, 0, 1, 0, 0, 0, 0, 1, 0, -1 ],
  [ 0, 0, 0, -1, 0, 0, 0, 0, 0, 0, 1, 0, 0, 0, 0, 1, 0, -1, 0 ],
  [ 0, 0, 0, 1, 1, 0, 0, 0, 0, 0, 0, 0, 0, 0, 0, -1, 0, 0, 0 ],
  [ 0, -1, 0, 0, 0, 0, 0, 0, 0, 1, 0, 0, 1, 0, 0, 0, -1, 0, 0 ],
  [ 0, 0, 0, 0, 0, 0, 0, -1, 0, 0, 0, 1, 0, 0, 1, 0, 0, 0, -1 ],
  [ 0, 0, -1, 0, 0, 0, 0, 0, 0, 0, 1, 0, 0, 1, 0, 0, 0, -1, 0 ],
  [ 0, -1, -1, 0, 0, 0, 0, 1, 0, 1, 1, -1, 1, 1, -1, -1, 0, 0, 0 ],
  [ 0, 0, -1, -1, 0, 0, 0, 1, 0, 1, 1, -1, -1, 1, 0, 1, 0, -1, 0 ],
  [ 0, 0, 0, -1, -1, 0, 0, -1, 0, 1, 1, 0, 1, 1, 0, 1, -1, -1, 0 ],
  [ 0, -1, 0, -1, 0, 0, 0, 1, 0, 1, 1, -1, 1, -1, 0, 1, -1, 0, 0 ],
  [ 0, -1, 0, 0, -1, 0, 0, 1, 0, 1, -1, 0, 1, 1, -1, 1, -1, 0, 0 ],
  [ 0, 0, -1, 0, -1, 0, 0, 1, 0, -1, 1, 0, 1, 1, -1, 1, 0, -1, 0 ] ]

