##joint PMF of 3 binary RVs
PMF3:=
[ [ 1, 0, 0, 0, 0, 0, 0, 0 ], 
  [ 0, 1, 0, 0, 0, 0, 0, 0 ], 
  [ 0, 0, 1, 0, 0, 0, 0, 0 ], 
  [ 0, 0, 0, 1, 0, 0, 0, 0 ], 
  [ 0, 0, 0, 0, 1, 0, 0, 0 ], 
  [ 0, 0, 0, 0, 0, 1, 0, 0 ], 
  [ 0, 0, 0, 0, 0, 0, 1, 0 ], 
  [ 0, 0, 0, 0, 0, 0, 0, 1 ] ];
  
  ExtremeRayMap:=
  [ 
  [ 1, 0, 0, 0, 1, 0, 0, 0 ],
  [ 0, 0, 1, 0, 0, 0, 1, 0 ],
  [ 0, 1, 0, 0, 0, 1, 0, 0 ],
  [ 0, 0, 0, 1, 0, 0, 0, 1 ],
  [ 1, 0, 1, 0, 0, 0, 0, 0 ],
  [ 0, 0, 0, 0, 1, 0, 1, 0 ],
  [ 0, 1, 0, 1, 0, 0, 0, 0 ],
  [ 0, 0, 0, 0, 0, 1, 0, 1 ],
  [ 1, 1, 0, 0, 0, 0, 0, 0 ],
  [ 0, 0, 0, 0, 1, 1, 0, 0 ],
  [ 0, 0, 1, 1, 0, 0, 0, 0 ],
  [ 0, 0, 0, 0, 0, 0, 1, 1 ]];
